1427877802	3432
1427877806	3409
1427877816	4572
1427877826	2776
1427877837	2366
1427877846	2384
1427877856	2241
1427877867	2528
1427877876	2780
1427877886	2583
1427877896	1913
1427877906	1875
1427877917	1684
1427877926	1656
1427877937	1721
1427877946	1829
1427877956	1937
1427877967	1988
1427877976	2009
1427877986	2020
1427877996	2131
1427878006	2195
1427878016	2310
1427878026	2415
1427878036	2351
1427878046	2467
1427878057	2391
1427878067	2329
1427878076	2280
1427878086	2235
1427878096	2042
1427878106	1948
1427878116	1947
1427878126	1929
1427878136	1975
1427878147	1961
1427878156	1949
1427878166	1916
1427878177	1884
1427878186	1874
1427878196	1880
1427878218	2033
1427878227	2092
1427878237	2081
1427878247	2180
1427878257	2311
1427878267	2454
1427878277	2701
1427878287	2849
1427878297	2886
1427878307	3016
1427878317	3282
1427878327	5999
1427878337	5689
1427878347	3048
1427878357	3174
1427878367	3522
1427878377	3603
1427878387	3691
1427878397	3447
1427878407	3292
1427878417	3192
1427878427	3359
1427878437	4268
1427878447	4522
1427878457	1877
