1427877802	3432
1427877806	3409
1427877816	4572
1427877826	2776
1427877837	2366
1427877846	2384
1427877856	2241
1427877867	2528
1427877876	2780
1427877886	2583
1427877896	1913
1427877906	1875
1427877917	1684
1427877926	1656
1427877937	1721
1427877946	1829
1427877956	1937
1427877967	1988
1427877976	2009
1427877986	2020
1427877996	2131
1427878006	2195
1427878016	2310
1427878026	2415
1427878036	2351
1427878046	2467
1427878057	2391
1427878067	2329
1427878076	2280
1427878086	2235
1427878096	2042
1427878106	1948
1427878116	1947
1427878126	1929
1427878136	1975
1427878147	1961
1427878156	1949
1427878166	1916
1427878177	1884
1427878186	1874
1427878196	1880
1427878218	2033
1427878227	2092
1427878237	2081
1427878247	2180
1427878257	2311
1427878267	2454
1427878277	2701
1427878287	2849
1427878297	2886
1427878307	3016
1427878317	3282
1427878327	5999
1427878337	5689
1427878347	3048
1427878357	3174
1427878367	3522
1427878377	3603
1427878387	3691
1427878397	3447
1427878407	3292
1427878417	3192
1427878427	3359
1427878437	4268
1427878447	4522
1427878457	1877
1427878467	1579
1427878477	1413
1427878487	1349
1427878497	1306
1427878507	1299
1427878517	1370
1427878527	1476
1427878537	1587
1427878547	1718
1427878557	1834
1427878567	1974
1427878577	2149
1427878587	2382
1427878597	2845
1427878607	6250
1427878617	3393
1427878627	2309
1427878637	2099
1427878647	1977
1427878657	1669
1427878667	1555
1427878677	1496
1427878687	1483
1427878697	1476
1427878707	1470
1427878717	1477
1427878727	1516
1427878737	1612
1427878747	1764
1427878757	1810
1427878767	1802
1427878777	1767
1427878787	1696
1427878797	1646
1427878807	1639
1427878817	1682
1427878827	1718
1427878837	1699
1427878847	1628
1427878857	1578
1427878867	1544
1427878877	1519
1427878887	1540
1427878897	1591
1427878907	1698
1427878917	1889
1427878927	2172
1427878937	2645
1427878947	4008
1427878957	3242
1427878967	3579
1427878977	5278
1427878987	5188
1427878997	4495
1427879007	3439
1427879017	3264
1427879027	3410
1427879037	3364
1427879047	3342
1427879057	3288
1427879067	3015
1427879077	3224
1427879087	3028
1427879097	2828
1427879107	2812
1427879117	2799
1427879127	2815
1427879137	2909
1427879147	2729
1427879157	2340
1427879167	2181
1427879177	2125
1427879187	2077
1427879197	1987
1427879207	1919
1427879217	1890
1427879227	1914
1427879237	1955
1427879247	1965
1427879257	1958
1427879267	1920
1427879277	1870
1427879287	1819
1427879297	1781
1427879307	1742
1427879317	1702
1427879327	1639
1427879337	1575
1427879347	1513
1427879357	1459
1427879367	1364
1427879377	1288
1427879387	1235
1427879397	1179
1427879407	1122
1427879417	1078
1427879427	1008
1427879437	946
1427879447	913
1427879457	879
1427879467	845
1427879477	820
1427879487	786
1427879497	769
1427879507	750
1427879517	722
1427879527	726
1427879537	718
1427879547	720
1427879557	727
1427879567	739
1427879577	756
1427879587	774
1427879597	812
1427879607	841
1427879617	876
1427879627	909
1427879637	933
1427879647	956
1427879657	980
1427879667	991
1427879677	994
1427879687	987
1427879697	973
1427879707	955
1427879717	935
1427879727	908
1427879737	877
1427879747	833
1427879757	794
1427879767	749
1427879777	706
1427879787	676
1427879797	666
1427879807	661
1427879817	673
1427879827	690
1427879837	721
1427879847	752
1427879857	787
1427879867	806
1427879877	806
1427879887	789
1427879897	779
1427879907	782
1427879917	808
1427879927	847
1427879937	889
1427879947	921
1427879957	961
1427879967	975
1427879977	978
1427879987	947
1427879997	901
1427880007	874
1427880017	851
1427880027	853
1427880037	865
1427880047	873
1427880058	884
1427880067	879
1427880077	850
1427880087	811
1427880097	774
1427880107	739
1427880118	640
1427880127	695
1427880137	677
1427880147	653
1427880157	621
1427880167	586
1427880177	563
1427880187	539
1427880197	519
1427880207	500
1427880217	469
1427880227	438
1427880237	409
1427880247	403
1427880257	423
1427880267	439
1427880277	476
1427880287	572
1427880297	688
1427880307	885
1427880317	1046
1427880327	1118
1427880337	1163
1427880347	1156
1427880357	1130
1427880367	1143
1427880377	1154
1427880387	1150
1427880397	1145
1427880407	1122
1427880417	1097
1427880427	1077
1427880437	1067
1427880447	1072
1427880457	1108
1427880467	1150
1427880477	1211
1427880487	1276
1427880497	1334
1427880507	1389
1427880517	1463
1427880527	1557
1427880537	1644
1427880547	1708
1427880557	1783
1427880567	1850
1427880577	1962
1427880587	2046
1427880597	2124
1427880607	2207
1427880617	2310
1427880627	2347
1427880637	2361
1427880647	2372
1427880657	2424
1427880667	2562
1427880677	3271
1427880687	3373
1427880697	4591
1427880707	5379
1427880717	4283
1427880727	3313
1427880737	6977
1427880747	4800
1427880757	3454
1427880767	5956
1427880777	3329
1427880787	4928
1427880797	3575
1427880807	2639
1427880817	2448
1427880827	2319
1427880837	2344
1427880847	4294
1427880857	3065	0	0	0
1427880867	2466	0	0	0
1427880877	3019	0	0	0
1427880887	2749	0	0	0
1427880897	2879	2660	1386017	3472064
1427880907	3964	2670	1386027	3472074
1427880917	3470	2679	1386036	3472083
1427880927	2435	2688	1386045	3472092
1427880937	2514	2693	1386050	3472097
1427880947	2554	2699	1386056	3472103
1427880957	2342	2708	1386065	3472112
1427880967	2144	2712	1386069	3472116
1427880977	2028	2718	1386075	3472122
1427880987	1923	2724	1386081	3472127
1427880997	1725	2729	1386086	3472133
1427881007	1551	2734	1386091	3472138
1427881017	1436	2737	1386094	3472141
1427881027	1309	2741	1386098	3472145
1427881037	1201	2744	1386101	3472148
1427881047	1144	2748	1386105	3472152
1427881057	1099	2750	1386107	3472154
1427881067	1075	2754	1386111	3472158
1427881077	1092	2758	1386115	3472162
1427881087	1123	2760	1386117	3472164
1427881097	1132	2762	1386119	3472166
1427881107	1140	2766	1386123	3472170
1427881117	1173	2770	1386127	3472174
1427881127	1214	2772	1386129	3472176
1427881137	1264	2776	1386133	3472180
1427881147	1311	2780	1386137	3472184
1427881157	1349	2782	1386139	3472186
1427881167	1415	2788	1386145	3472190
1427881177	1465	2792	1386149	3472196
1427881187	1496	2794	1386151	3472198
1427881197	1520	2798	1386155	3472202
1427881207	1535	2804	1386161	3472208
1427881217	1583	2808	1386165	3472212
1427881227	1612	2812	1386169	3472216
1427881237	1678	2816	1386173	3472220
1427881247	1758	2821	1386178	3472225
1427881257	1692	2826	1386183	3472230
1427881267	1577	2830	1386187	3472234
1427881277	1282	2834	1386191	3472238
1427881287	1108	2837	1386194	3472241
1427881297	965	2840	1386197	3472244
1427881307	870	2842	1386199	3472246
1427881317	830	2845	1386202	3472249
1427881327	845	2848	1386205	3472252
1427881337	850	2849	1386206	3472253
1427881347	943	2852	1386209	3472256
1427881357	1055	2855	1386212	3472259
1427881367	1169	2858	1386215	3472261
1427881377	1360	2862	1386219	3472266
1427881387	1653	2866	1386223	3472270
1427881397	1687	2872	1386229	3472276
1427881407	1762	2876	1386233	3472280
1427881417	1906	2880	1386237	3472284
1427881427	2973	2888	1386245	3472292
1427881437	2777	2894	1386251	3472298
1427881447	3090	2904	1386261	3472306
1427881457	2800	2912	1386269	3472316
1427881467	3042	2920	1386277	3472324
1427881477	4837	2930	1386287	3472330
1427881487	6187	2948	1386305	3472352
1427881497	2943	2958	1386315	3472362
1427881507	7250	2970	1386327	3472374
1427881517	7063	2990	1386347	3472394
1427881527	7063	3006	1386363	3472410
1427881537	7065	3027	1386384	3472431
1427881547	7041	3046	1386403	3472450
1427881557	7233	3066	1386423	3472470
1427881567	6164	3085	1386442	3472489
1427881577	7091	3101	1386458	3472505
1427881587	7066	3121	1386478	3472525
1427881597	6931	3141	1386498	3472545
1427881607	7067	3161	1386518	3472565
1427881617	6979	3177	1386534	3472581
1427881627	7077	3197	1386554	3472601
1427881637	7071	3213	1386570	3472617
1427881647	3875	3234	1386591	3472638
1427881657	6563	3249	1386606	3472653
1427881667	7090	3262	1386619	3472666
1427881677	7064	3282	1386639	3472686
1427881687	7029	3302	1386659	3472706
1427881697	7061	3322	1386679	3472726
1427881707	7039	3338	1386695	3472742
1427881717	7079	3358	1386715	3472762
1427881727	7082	3379	1386736	3472783
1427881737	7063	3399	1386756	3472803
1427881747	7056	3419	1386776	3472823
1427881757	7042	3434	1386791	3472838
1427881767	5653	3456	1386813	3472860
1427881777	7098	3470	1386827	3472874
1427881787	7065	3490	1386847	3472894
1427881797	2892	3506	1386863	3472910
1427881807	7029	3526	1386883	3472930
1427881817	7007	3542	1386899	3472946
1427881827	6972	3566	1386923	3472970
1427881837	6987	3582	1386939	3472986
1427881847	7046	3601	1386958	3473005
1427881857	7036	3621	1386978	3473025
1427881867	7014	3641	1386998	3473045
1427881877	6973	3661	1387018	3473065
1427881887	6960	3677	1387034	3473081
1427881897	6959	3697	1387054	3473101
1427881907	6923	3717	1387074	3473121
1427881917	6957	3737	1387094	3473141
1427881927	6492	3756	1387113	3473160
1427881937	7045	3776	1387133	3473180
1427881947	7100	3792	1387149	3473196
1427881957	7079	3816	1387173	3473220
1427881967	7075	3832	1387189	3473232
1427881977	7065	3852	1387209	3473256
1427881987	7079	3873	1387230	3473272
1427881997	7079	3889	1387246	3473293
1427882007	5483	3905	1387262	3473309
1427882017	3608	3919	1387276	3473323
1427882027	2372	3927	1387284	3473331
1427882037	2398	3933	1387290	3473337
1427882047	2917	3939	1387296	3473343
1427882057	3745	3950	1387307	3473354
1427882067	7195	3965	1387322	3473369
1427882077	5865	3980	1387337	3473384
1427882087	7128	4003	1387360	3473407
1427882097	6881	4019	1387376	3473423
1427882107	2815	4032	1387389	3473436
1427882117	3777	4044	1387401	3473448
1427882127	5545	4060	1387417	3473464
1427882137	4725	4070	1387427	3473474
1427882147	6883	4084	1387441	3473488
1427882157	6411	4104	1387461	3473508
1427882167	6822	4122	1387479	3473526
1427882177	7065	4142	1387499	3473546
1427882187	7091	4162	1387519	3473566
1427882197	7057	4182	1387539	3473586
1427882207	7032	4198	1387555	3473602
1427882217	6954	4222	1387579	3473626
1427882227	6932	4238	1387595	3473642
1427882237	6896	4258	1387615	3473662
1427882247	6883	4278	1387635	3473678
1427882257	6884	4293	1387650	3473697
1427882267	6896	4313	1387670	3473717
1427882277	6924	4332	1387689	3473736
1427882287	6900	4352	1387709	3473756
1427882297	6896	4372	1387729	3473776
1427882307	6946	4391	1387748	3473795
1427882317	6722	4407	1387764	3473811
1427882327	6916	4427	1387784	3473831
1427882337	6985	4447	1387804	3473851
1427882347	6970	4467	1387824	3473871
1427882357	6951	4487	1387844	3473891
1427882367	6962	4503	1387860	3473907
1427882377	6915	4522	1387879	3473926
1427882387	6996	4542	1387899	3473946
1427882397	6858	4562	1387919	3473966
1427882407	6802	4577	1387934	3473981
1427882417	6737	4597	1387954	3474001
1427882427	6608	4616	1387973	3474020
1427882437	6749	4635	1387992	3474039
1427882447	6828	4654	1388011	3474058
1427882457	6881	4670	1388027	3474074
1427882467	6930	4694	1388051	3474098
1427882477	7113	4714	1388071	3474118
1427882487	7071	4730	1388087	3474134
1427882497	7163	4749	1388106	3474153
1427882507	7075	4769	1388126	3474173
1427882517	7075	4785	1388142	3474189
1427882527	7070	4806	1388163	3474210
1427882537	7070	4830	1388187	3474230
1427882547	6906	4850	1388207	3474250
1427882557	3409	4857	1388214	3474261
1427882567	3946	4869	1388226	3474273
1427882577	3694	4881	1388238	3474285
1427882587	4425	4891	1388248	3474295
1427882597	7060	4910	1388267	3474314
1427882607	7094	4930	1388287	3474334
1427882617	7067	4950	1388307	3474354
1427882627	4990	4968	1388325	3474372
1427882637	7063	4983	1388340	3474387
1427882647	6134	5003	1388360	3474407
1427882657	6959	5022	1388379	3474422
1427882667	4827	5040	1388397	3474444
1427882677	7134	5054	1388411	3474458
1427882687	6665	5073	1388430	3474477
1427882697	7055	5092	1388449	3474496
1427882707	7068	5112	1388469	3474516
1427882717	7069	5128	1388485	3474532
1427882727	7070	5153	1388510	3474557
1427882737	7090	5172	1388529	3474576
1427882747	5865	5186	1388543	3474590
1427882757	6898	5206	1388563	3474610
1427882767	5590	5222	1388579	3474626
1427882777	3705	5234	1388591	3474638
1427882787	3466	5244	1388601	3474648
1427882797	2938	5254	1388611	3474658
1427882807	5733	5264	1388621	3474668
1427882817	3970	5278	1388635	3474682
1427882827	7453	5293	1388650	3474697
1427882837	6720	5309	1388666	3474713
1427882847	4663	5328	1388685	3474732
1427882857	4771	5340	1388697	3474744
1427882867	7068	5360	1388717	3474764
1427882877	4499	5378	1388735	3474782
1427882887	7037	5390	1388747	3474794
1427882897	3017	5410	1388767	3474814
1427882907	3903	5417	1388774	3474821
1427882917	7071	5437	1388794	3474841
1427882927	7358	5457	1388814	3474861
1427882937	7017	5473	1388830	3474877
1427882947	3679	5491	1388848	3474895
1427882957	5710	5503	1388860	3474907
1427882967	6008	5522	1388879	3474926
1427882977	7343	5537	1388894	3474941
1427882987	7065	5558	1388915	3474962
1427882997	6875	5578	1388935	3474982
1427883007	6292	5592	1388949	3474992
1427883017	2614	5606	1388963	3475010
1427883027	6940	5624	1388981	3475024
1427883037	7063	5640	1388997	3475044
1427883047	7069	5659	1389016	3475063
1427883057	4831	5675	1389032	3475079
1427883067	7073	5689	1389046	3475093
1427883077	5616	5709	1389066	3475113
1427883087	5966	5725	1389082	3475129
1427883097	3980	5738	1389095	3475142
1427883107	5289	5754	1389111	3475158
1427883117	7060	5770	1389127	3475174
1427883127	7056	5790	1389147	3475194
1427883137	7072	5806	1389163	3475210
1427883147	5552	5827	1389184	3475231
1427883157	4901	5841	1389198	3475245
1427883167	3049	5852	1389209	3475256
1427883177	2777	5860	1389217	3475263
1427883187	2791	5865	1389222	3475269
1427883197	7362	5881	1389238	3475285
1427883207	5733	5900	1389257	3475304
1427883217	7349	5914	1389271	3475314
1427883227	2919	5924	1389281	3475328
1427883237	2142	5931	1389288	3475335
1427883247	1834	5936	1389293	3475340
1427883257	1665	5942	1389299	3475346
1427883267	1596	5945	1389302	3475349
1427883277	1577	5950	1389307	3475354
1427883287	1643	5954	1389311	3475358
1427883297	1787	5959	1389316	3475363
1427883307	2070	5964	1389321	3475368
1427883317	2414	5973	1389330	3475377
1427883327	2408	5978	1389335	3475382
1427883337	2618	5986	1389343	3475390
1427883347	3267	5994	1389351	3475398
1427883357	2738	6004	1389361	3475408
1427883367	5021	6016	1389373	3475420
1427883377	3529	6027	1389384	3475431
1427883387	3558	6035	1389392	3475439
1427883397	3160	6046	1389403	3475450
1427883407	3009	6053	1389410	3475457
1427883417	3043	6062	1389419	3475466
1427883427	3222	6071	1389428	3475475
1427883437	3158	6079	1389436	3475483
1427883447	2798	6088	1389445	3475491
1427883457	2799	6095	1389452	3475499
1427883467	2862	6101	1389458	3475505
1427883477	2825	6111	1389468	3475515
1427883487	2856	6117	1389474	3475521
1427883497	2975	6125	1389482	3475529
1427883507	2987	6134	1389491	3475538
1427883517	2958	6143	1389500	3475547
1427883527	2999	6151	1389508	3475555
1427883537	3069	6158	1389515	3475562
1427883547	3152	6169	1389526	3475573
1427883557	3251	6178	1389535	3475580
1427883567	3299	6185	1389542	3475589
1427883577	3318	6193	1389550	3475597
1427883587	3403	6204	1389561	3475608
1427883597	3424	6212	1389569	3475616
1427883607	3420	6224	1389581	3475628
1427883617	3433	6230	1389587	3475634
1427883627	4137	6242	1389599	3475646
1427883637	4699	6252	1389609	3475656
1427883647	3944	6266	1389623	3475670
1427883657	4086	6280	1389637	3475682
1427883667	5912	6291	1389648	3475692
1427883677	3260	6303	1389660	3475707
1427883687	2393	6311	1389668	3475715
1427883697	2012	6317	1389674	3475720
1427883707	1867	6322	1389679	3475725
1427883717	1784	6326	1389683	3475730
1427883727	1694	6331	1389688	3475735
1427883737	1542	6336	1389693	3475740
1427883747	1584	6339	1389696	3475743
1427883757	1582	6344	1389701	3475748
1427883767	1584	6349	1389706	3475753
1427883777	1596	6353	1389710	3475757
1427883787	1609	6357	1389714	3475761
1427883797	1614	6361	1389718	3475765
1427883807	1603	6365	1389722	3475769
1427883817	1583	6371	1389728	3475775
1427883827	1538	6375	1389732	3475779
1427883837	1502	6379	1389736	3475783
1427883847	1456	6383	1389740	3475787
1427883857	1390	6387	1389744	3475791
1427883867	1326	6391	1389748	3475795
1427883877	1257	6394	1389751	3475798
1427883887	1196	6397	1389754	3475801
1427883897	1140	6401	1389758	3475805
1427883907	1099	6403	1389760	3475807
1427883917	1043	6407	1389764	3475811
1427883927	998	6410	1389767	3475814
1427883937	961	6412	1389769	3475816
1427883947	912	6415	1389772	3475819
1427883957	869	6417	1389774	3475821
1427883967	837	6419	1389776	3475823
1427883977	795	6422	1389779	3475825
1427883987	783	6424	1389781	3475828
1427883997	771	6426	1389783	3475830
1427884007	748	6428	1389785	3475832
1427884017	727	6430	1389787	3475834
1427884027	695	6432	1389789	3475836
1427884037	669	6434	1389791	3475838
1427884047	652	6436	1389793	3475840
1427884057	639	6437	1389794	3475841
1427884067	631	6439	1389796	3475843
1427884077	628	6441	1389798	3475845
1427884087	623	6443	1389800	3475847
1427884097	611	6444	1389801	3475848
1427884108	596	6446	1389803	3475850
1427884117	568	6447	1389804	3475851
1427884127	519	6449	1389806	3475853
1427884137	489	6450	1389807	3475854
1427884147	461	6452	1389809	3475856
1427884157	429	6453	1389810	3475857
1427884167	396	6454	1389811	3475858
1427884177	369	6455	1389812	3475859
1427884187	363	6456	1389813	3475860
1427884197	366	6457	1389814	3475861
1427884207	384	6458	1389815	3475862
1427884218	403	6459	1389816	3475863
1427884227	428	6460	1389817	3475864
1427884237	459	6462	1389819	3475866
1427884247	482	6463	1389820	3475867
1427884257	521	6464	1389821	3475868
1427884267	550	6466	1389823	3475870
1427884277	563	6467	1389824	3475871
1427884287	573	6468	1389825	3475872
1427884297	581	6470	1389827	3475874
1427884307	593	6472	1389829	3475876
1427884317	605	6474	1389831	3475878
1427884327	622	6475	1389832	3475879
1427884337	583	6477	1389834	3475881
1427884347	631	6479	1389836	3475883
1427884357	647	6480	1389837	3475884
1427884367	690	6482	1389839	3475886
1427884377	740	6484	1389841	3475888
1427884387	779	6486	1389843	3475890
1427884397	822	6488	1389845	3475892
1427884407	853	6490	1389847	3475894
1427884417	896	6493	1389850	3475897
1427884427	950	6496	1389853	3475900
1427884437	995	6498	1389855	3475902
1427884447	1023	6501	1389858	3475905
1427884457	1055	6504	1389861	3475908
1427884467	1093	6507	1389864	3475910
1427884477	1115	6510	1389867	3475914
1427884487	1116	6514	1389871	3475916
1427884497	1115	6516	1389873	3475920
1427884507	1110	6519	1389876	3475923
1427884517	1114	6522	1389879	3475926
1427884527	1118	6526	1389883	3475930
1427884537	1129	6528	1389885	3475932
1427884547	1131	6532	1389889	3475936
1427884557	1123	6534	1389891	3475938
1427884567	1100	6538	1389895	3475942
1427884577	1085	6540	1389897	3475944
1427884587	1061	6543	1389900	3475947
1427884598	1021	6546	1389903	3475950
1427884607	983	6550	1389907	3475954
1427884617	947	6552	1389909	3475956
1427884627	920	6554	1389911	3475958
1427884637	907	6556	1389913	3475960
1427884647	912	6558	1389915	3475962
1427884657	928	6562	1389919	3475966
1427884667	948	6564	1389921	3475968
1427884677	955	6566	1389923	3475970
1427884687	954	6570	1389927	3475974
1427884697	950	6572	1389929	3475976
1427884707	949	6575	1389932	3475979
1427884717	957	6578	1389935	3475982
1427884727	978	6580	1389937	3475984
1427884737	993	6582	1389939	3475986
1427884747	1043	6586	1389943	3475989
1427884757	1087	6588	1389945	3475992
1427884767	1121	6592	1389949	3475996
1427884777	1137	6595	1389952	3475999
1427884787	1150	6598	1389955	3476002
1427884797	1148	6600	1389957	3476004
1427884807	1117	6604	1389961	3476008
1427884817	1112	6606	1389963	3476010
1427884827	1145	6610	1389967	3476014
1427884837	1169	6612	1389969	3476016
1427884847	1212	6616	1389973	3476020
1427884857	1254	6620	1389977	3476023
1427884867	1293	6624	1389981	3476028
1427884877	1325	6627	1389984	3476031
1427884887	1365	6631	1389988	3476035
1427884897	1439	6635	1389992	3476039
1427884907	1510	6639	1389996	3476043
1427884917	1562	6642	1389999	3476046
1427884927	1645	6648	1390005	3476052
1427884937	1695	6651	1390008	3476055
1427884947	1746	6656	1390013	3476059
1427884957	1801	6661	1390018	3476065
1427884967	1844	6667	1390024	3476069
1427884977	1879	6671	1390028	3476075
1427884987	1916	6677	1390034	3476081
1427884997	1966	6682	1390039	3476086
1427885007	2008	6687	1390044	3476091
1427885017	2053	6693	1390050	3476097
1427885027	2090	6699	1390056	3476103
1427885037	2113	6704	1390061	3476108
1427885047	2147	6711	1390068	3476115
1427885057	2182	6717	1390074	3476121
1427885067	2222	6723	1390080	3476127
1427885077	2263	6729	1390086	3476133
1427885087	2301	6735	1390092	3476139
1427885097	2331	6742	1390099	3476146
1427885107	2337	6746	1390103	3476150
1427885117	2324	6754	1390111	3476158
1427885127	2357	6761	1390118	3476165
1427885137	2460	6766	1390123	3476170
1427885147	2612	6775	1390132	3476179
1427885157	2714	6783	1390140	3476185
1427885167	2812	6789	1390146	3476193
1427885177	2900	6795	1390152	3476199
1427885187	2931	6805	1390162	3476209
1427885197	2993	6814	1390171	3476218
1427885207	2990	6820	1390177	3476224
1427885217	3020	6829	1390186	3476233
1427885227	3086	6838	1390195	3476242
1427885237	3163	6845	1390202	3476249
1427885247	3224	6854	1390211	3476258
1427885257	3364	6864	1390221	3476268
1427885267	3336	6874	1390231	3476278
1427885277	3325	6882	1390239	3476286
1427885287	3378	6890	1390247	3476294
1427885297	3497	6902	1390259	3476306
1427885307	3617	6912	1390269	3476316
1427885317	3797	6920	1390277	3476324
1427885327	3853	6932	1390289	3476336
1427885337	3740	6940	1390297	3476344
1427885347	3723	6953	1390310	3476357
1427885357	3889	6962	1390319	3476366
1427885367	4609	6974	1390331	3476378
1427885377	4639	6987	1390344	3476391
1427885387	4815	6998	1390355	3476402
1427885397	5021	7015	1390372	3476419
1427885407	4862	7029	1390386	3476433
1427885417	4855	7040	1390397	3476444
1427885427	5035	7054	1390411	3476458
1427885437	5240	7069	1390426	3476473
1427885447	4300	7083	1390440	3476487
1427885457	4189	7095	1390452	3476499
1427885467	4133	7103	1390460	3476507
1427885477	3795	7115	1390472	3476519
1427885487	3607	7125	1390482	3476529
1427885497	3429	7135	1390492	3476539
1427885507	3252	7145	1390502	3476547
1427885517	3163	7153	1390510	3476557
1427885527	3061	7161	1390518	3476565
1427885537	2954	7170	1390527	3476574
1427885547	2846	7178	1390535	3476582
1427885557	2707	7186	1390543	3476590
1427885567	2566	7193	1390550	3476597
1427885577	2456	7199	1390556	3476603
1427885587	2319	7206	1390563	3476610
1427885597	2207	7211	1390568	3476615
1427885607	2092	7217	1390574	3476621
1427885617	2002	7224	1390581	3476628
1427885627	1963	7228	1390585	3476632
1427885637	1923	7235	1390592	3476638
1427885647	1911	7240	1390597	3476644
1427885657	1898	7244	1390601	3476648
1427885667	1896	7249	1390606	3476653
1427885677	1894	7254	1390611	3476658
1427885687	1896	7260	1390617	3476664
1427885697	1903	7266	1390623	3476670
1427885707	1910	7270	1390627	3476674
1427885717	1918	7276	1390633	3476680
1427885727	1922	7280	1390637	3476684
1427885737	1927	7287	1390644	3476690
1427885747	1933	7292	1390649	3476696
1427885757	1939	7296	1390653	3476700
1427885767	1951	7302	1390659	3476706
1427885777	1966	7308	1390665	3476712
1427885787	1983	7312	1390669	3476716
1427885797	2004	7318	1390675	3476722
1427885807	2033	7324	1390681	3476728
1427885817	2060	7330	1390687	3476734
1427885827	2096	7336	1390693	3476738
1427885837	2134	7342	1390699	3476745
1427885847	2167	7347	1390704	3476751
1427885857	2221	7353	1390710	3476757
1427885867	2279	7359	1390716	3476763
1427885877	2335	7365	1390722	3476769
1427885887	2419	7371	1390728	3476775
1427885897	2518	7379	1390736	3476783
1427885907	2673	7386	1390743	3476790
1427885917	3242	7394	1390751	3476798
1427885927	3294	7402	1390759	3476806
1427885937	3713	7411	1390768	3476815
1427885947	4566	7425	1390782	3476829
1427885957	7182	7439	1390796	3476843
1427885967	5082	7455	1390812	3476859
1427885977	7086	7474	1390831	3476878
1427885987	7068	7494	1390851	3476898
1427885997	7070	7511	1390868	3476915
1427886007	7057	7531	1390888	3476935
1427886017	4690	7548	1390905	3476952
1427886027	4659	7558	1390915	3476962
1427886037	4017	7574	1390931	3476978
1427886047	3376	7582	1390939	3476986
1427886057	3191	7590	1390947	3476994
1427886067	3074	7600	1390957	3477004
1427886077	3026	7608	1390965	3477012
1427886087	3011	7617	1390974	3477019
1427886097	2967	7626	1390983	3477030
1427886107	2949	7634	1390991	3477036
1427886117	2946	7642	1390999	3477045
1427886127	2950	7649	1391006	3477053
1427886137	2956	7657	1391014	3477061
1427886147	2721	7665	1391022	3477068
1427886157	3018	7673	1391030	3477077
1427886167	3259	7681	1391038	3477085
1427886177	3407	7691	1391048	3477095
1427886187	3501	7699	1391056	3477103
1427886197	3573	7711	1391068	3477115
1427886207	3427	7719	1391076	3477123
1427886217	3367	7729	1391086	3477133
1427886227	3364	7739	1391096	3477143
1427886237	3706	7749	1391106	3477153
1427886247	3959	7759	1391116	3477163
1427886257	5537	7771	1391128	3477175
1427886267	6091	7789	1391146	3477193
1427886277	6708	7805	1391162	3477209
1427886287	7101	7821	1391178	3477225
1427886297	6694	7842	1391199	3477246
1427886307	3699	7856	1391213	3477260
1427886317	3134	7865	1391222	3477269
1427886327	2895	7876	1391233	3477280
1427886337	2910	7882	1391239	3477286
1427886347	3146	7888	1391245	3477292
1427886357	3286	7900	1391257	3477304
1427886367	3351	7910	1391267	3477314
1427886377	3358	7916	1391273	3477320
1427886387	4024	7928	1391285	3477332
1427886397	6490	7942	1391299	3477346
1427886407	6189	7961	1391318	3477365
1427886417	5936	7975	1391332	3477379
1427886427	5289	7993	1391350	3477397
1427886437	7332	8011	1391368	3477415
1427886447	6649	8030	1391387	3477434
1427886457	4649	8048	1391405	3477452
1427886467	6016	8062	1391419	3477466
1427886477	4336	8074	1391431	3477478
1427886487	4217	8086	1391443	3477490
1427886497	3723	8098	1391455	3477502
1427886507	3332	8108	1391465	3477512
1427886517	3254	8117	1391474	3477521
1427886572	3286	8127	1391484	3477531
1427886577	3800	8173	1391530	3477577
1427886587	4023	8184	1391541	3477588
1427886597	4263	8195	1391552	3477599
1427886607	5396	8211	1391568	3477615
1427886617	4121	8221	1391578	3477625
1427886627	3528	8234	1391591	3477638
1427886637	3246	8242	1391599	3477646
1427886647	2947	8250	1391607	3477652
1427886657	2736	8258	1391615	3477662
1427886667	2554	8266	1391623	3477668
1427886677	2399	8272	1391629	3477676
1427886687	2285	8278	1391635	3477682
1427886697	2132	8286	1391643	3477690
1427886707	2045	8290	1391647	3477694
1427886717	1947	8296	1391653	3477700
1427886727	1858	8302	1391659	3477706
1427886737	1784	8306	1391663	3477710
1427886747	1732	8310	1391667	3477714
1427886757	1671	8315	1391672	3477719
1427886767	1633	8320	1391677	3477724
1427886777	1609	8324	1391681	3477728
1427886787	1570	8329	1391686	3477733
1427886797	1556	8332	1391689	3477736
1427886807	1538	8337	1391694	3477741
1427886817	1528	8341	1391698	3477745
1427886827	1505	8346	1391703	3477750
1427886837	1492	8350	1391707	3477754
1427886847	1475	8353	1391710	3477757
1427886857	1442	8358	1391715	3477762
1427886867	1422	8361	1391718	3477765
1427886877	1395	8365	1391722	3477769
1427886887	1342	8369	1391726	3477773
1427886897	1301	8373	1391730	3477777
1427886907	1240	8376	1391733	3477780
1427886917	1174	8379	1391736	3477783
1427886927	1099	8383	1391740	3477787
1427886937	1018	8385	1391742	3477789
1427886947	929	8389	1391746	3477793
1427886957	859	8391	1391748	3477795
1427886967	791	8393	1391750	3477797
1427886977	734	8395	1391752	3477799
1427886994	697	8397	1391754	3477801
1427886997	668	8399	1391756	3477803
1427887007	633	8401	1391758	3477805
1427887017	609	8402	1391759	3477806
1427887027	592	8403	1391760	3477807
1427887037	572	8405	1391762	3477809
1427887047	567	8407	1391764	3477811
1427887057	572	8409	1391766	3477813
1427887067	573	8409	1391766	3477813
1427887077	578	8411	1391768	3477815
1427887087	578	8413	1391770	3477817
1427887097	581	8415	1391772	3477819
1427887107	582	8417	1391774	3477821
1427887117	588	8417	1391774	3477821
1427887127	592	8419	1391776	3477823
1427887137	600	8421	1391778	3477825
1427887147	603	8423	1391780	3477827
1427887157	597	8425	1391782	3477829
1427887167	620	8426	1391783	3477830
1427887177	693	8428	1391785	3477832
1427887187	752	8430	1391787	3477834
1427887197	768	8433	1391790	3477837
1427887220	773	8435	1391792	3477839
1427887220	830	8437	1391794	3477841
1427887227	833	8439	1391796	3477843
1427887237	838	8441	1391798	3477845
1427887247	838	8443	1391800	3477847
1427887257	837	8445	1391802	3477849
1427887267	835	8447	1391804	3477851
1427887277	810	8451	1391808	3477855
1427887287	802	8452	1391809	3477856
1427887297	788	8455	1391812	3477859
1427887307	777	8457	1391814	3477861
1427887317	782	8459	1391816	3477863
1427887327	863	8461	1391818	3477865
1427887337	955	8464	1391821	3477868
1427887347	1007	8466	1391823	3477869
1427887357	1070	8469	1391826	3477873
1427887367	1080	8471	1391828	3477875
1427887377	1108	8475	1391832	3477879
1427887387	1147	8478	1391835	3477882
1427887397	1136	8481	1391838	3477885
1427887407	1076	8484	1391841	3477888
1427887417	980	8487	1391844	3477891
1427887427	889	8490	1391847	3477894
1427887437	828	8492	1391849	3477896
1427887447	736	8494	1391851	3477898
1427887457	692	8496	1391853	3477900
1427887468	695	8498	1391855	3477902
1427887477	680	8499	1391856	3477903
1427887487	643	8502	1391859	3477906
1427887497	615	8504	1391861	3477908
1427887507	598	8505	1391862	3477909
1427887517	586	8506	1391863	3477910
1427887527	574	8508	1391865	3477912
1427887537	570	8510	1391867	3477914
1427887547	580	8511	1391868	3477915
1427887557	599	8513	1391870	3477917
1427887567	651	8514	1391871	3477918
1427887577	741	8516	1391873	3477920
1427887587	843	8518	1391875	3477922
1427887597	986	8521	1391878	3477925
1427887607	1106	8524	1391881	3477928
1427887617	1198	8528	1391885	3477932
1427887627	1273	8531	1391888	3477935
1427887637	1332	8534	1391891	3477938
1427887647	1368	8538	1391895	3477942
1427887657	1401	8542	1391899	3477946
1427887667	1428	8546	1391903	3477950
1427887677	1458	8550	1391907	3477954
1427887687	1494	8554	1391911	3477958
1427887697	1538	8558	1391915	3477962
1427887707	1581	8562	1391919	3477966
1427887717	1655	8568	1391925	3477972
1427887727	1706	8572	1391929	3477976
1427887737	1769	8576	1391933	3477980
1427887747	1817	8580	1391937	3477984
1427887757	1887	8586	1391943	3477990
1427887767	1927	8591	1391948	3477995
1427887777	1968	8596	1391953	3478000
1427887787	1993	8601	1391958	3478005
1427887797	2017	8608	1391965	3478012
1427887807	2030	8612	1391969	3478016
1427887817	2042	8618	1391975	3478022
1427887827	2058	8624	1391981	3478028
1427887838	2074	8630	1391987	3478034
1427887847	2081	8636	1391993	3478040
1427887857	2089	8642	1391999	3478046
1427887867	2098	8647	1392004	3478051
1427887877	2106	8653	1392010	3478057
1427887887	2109	8659	1392016	3478063
1427887897	2109	8665	1392022	3478069
1427887907	2108	8671	1392028	3478075
1427887917	2101	8675	1392032	3478079
1427887927	2096	8681	1392038	3478085
1427887937	2087	8687	1392044	3478091
1427887947	2081	8693	1392050	3478097
1427887957	1871	8698	1392055	3478102
1427887967	2065	8703	1392060	3478107
1427887977	2061	8709	1392066	3478113
1427887987	2057	8715	1392072	3478119
1427887997	2057	8721	1392078	3478125
1427888007	2065	8727	1392084	3478131
1427888017	2072	8732	1392089	3478136
1427888028	2084	8738	1392095	3478142
1427888037	2101	8744	1392101	3478148
1427888047	2124	8750	1392107	3478154
1427888057	2150	8756	1392113	3478160
1427888067	2172	8761	1392118	3478165
1427888077	2200	8767	1392124	3478171
1427888087	2242	8775	1392132	3478177
1427888097	2266	8779	1392136	3478183
1427888107	2308	8787	1392144	3478189
1427888117	2340	8793	1392150	3478197
1427888127	2367	8800	1392157	3478203
1427888137	2390	8807	1392164	3478211
1427888147	2402	8811	1392168	3478215
1427888157	2424	8819	1392176	3478223
1427888167	2434	8824	1392181	3478228
1427888177	2456	8832	1392189	3478236
1427888187	2493	8840	1392197	3478242
1427888197	2531	8846	1392203	3478250
1427888207	2605	8853	1392210	3478257
1427888217	2808	8860	1392217	3478264
1427888227	2875	8869	1392226	3478273
1427888237	3754	8878	1392235	3478282
1427888247	4421	8888	1392245	3478292
1427888257	4808	8902	1392259	3478306
1427888267	3689	8914	1392271	3478316
1427888277	3961	8924	1392281	3478328
1427888287	4330	8934	1392291	3478338
1427888297	3635	8946	1392303	3478350
1427888307	3447	8956	1392313	3478360
1427888317	3386	8964	1392321	3478368
1427888327	3247	8975	1392332	3478379
1427888337	3184	8984	1392341	3478388
1427888347	3230	8993	1392350	3478397
1427888357	3143	9000	1392357	3478404
1427888367	3396	9010	1392367	3478414
1427888377	3202	9019	1392376	3478423
1427888387	3284	9028	1392385	3478432
1427888397	3657	9039	1392396	3478443
1427888407	3349	9047	1392404	3478451
1427888417	3270	9056	1392413	3478460
1427888427	3598	9065	1392422	3478469
1427888437	3511	9077	1392434	3478481
1427888447	3509	9085	1392442	3478489
1427888457	4913	9095	1392452	3478499
1427888467	4528	9109	1392466	3478513
1427888477	7113	9125	1392482	3478529
1427888487	7058	9148	1392505	3478552
1427888497	6880	9164	1392521	3478568
1427888507	6506	9180	1392537	3478584
1427888517	6266	9197	1392554	3478601
1427888527	6906	9217	1392574	3478621
1427888537	6802	9237	1392594	3478641
1427888547	3804	9249	1392606	3478653
1427888557	3107	9258	1392615	3478662
1427888567	2415	9265	1392622	3478669
1427888577	2284	9272	1392629	3478676
1427888587	2278	9279	1392636	3478683
1427888597	2294	9285	1392642	3478689
1427888607	2315	9290	1392647	3478694
1427888617	2380	9298	1392655	3478701
1427888627	2432	9305	1392662	3478707
1427888637	2467	9311	1392668	3478713
1427888647	2514	9318	1392675	3478722
1427888657	2547	9323	1392680	3478727
1427888667	2594	9331	1392688	3478735
1427888677	2647	9338	1392695	3478742
1427888687	2716	9346	1392703	3478750
1427888697	2806	9354	1392711	3478758
1427888707	2880	9360	1392717	3478764
1427888717	3057	9370	1392727	3478774
1427888727	3320	9380	1392737	3478782
1427888737	3504	9386	1392743	3478790
1427888747	3543	9398	1392755	3478802
1427888757	3499	9406	1392763	3478810
1427888767	3479	9416	1392773	3478820
1427888777	3667	9426	1392783	3478830
1427888788	4576	9439	1392796	3478840
1427888797	4895	9447	1392804	3478851
1427888807	5568	9469	1392826	3478873
1427888817	5870	9483	1392840	3478887
1427888828	5494	9496	1392853	3478900
1427888837	4773	9511	1392868	3478915
1427888847	4744	9521	1392878	3478925
1427888857	3413	9535	1392892	3478939
1427888867	2862	9543	1392900	3478947
1427888877	2719	9551	1392908	3478955
1427888887	2641	9557	1392914	3478961
1427888897	2580	9565	1392922	3478969
1427888907	2542	9573	1392930	3478977
1427888917	2502	9579	1392936	3478983
1427888927	2472	9585	1392942	3478989
1427888937	2451	9592	1392949	3478996
1427888947	2435	9599	1392956	3479003
1427888957	2426	9606	1392963	3479010
1427888967	2426	9611	1392968	3479015
1427888977	2446	9620	1392977	3479024
1427888987	2479	9627	1392984	3479031
1427888997	2526	9633	1392990	3479037
1427889007	2616	9640	1392997	3479044
1427889017	2719	9648	1393005	3479052
1427889027	2772	9656	1393013	3479060
1427889037	2818	9664	1393021	3479068
1427889047	2855	9670	1393027	3479074
1427889057	2930	9678	1393035	3479082
1427889067	3041	9686	1393043	3479090
1427889077	3136	9696	1393053	3479100
1427889087	3160	9702	1393059	3479106
1427889097	3192	9712	1393069	3479116
1427889107	3223	9722	1393079	3479124
1427889117	3223	9728	1393085	3479132
1427889127	3208	9739	1393096	3479143
1427889137	3155	9746	1393103	3479150
1427889147	3207	9757	1393114	3479161
1427889157	3188	9764	1393121	3479168
1427889167	3139	9773	1393130	3479177
1427889177	3152	9780	1393137	3479184
1427889187	3551	9792	1393149	3479196
1427889197	4094	9801	1393158	3479205
1427889207	5731	9816	1393173	3479220
1427889217	6499	9835	1393192	3479239
1427889227	7021	9855	1393212	3479259
1427889237	7037	9871	1393228	3479275
1427889247	6940	9891	1393248	3479295
1427889257	7065	9915	1393272	3479319
1427889267	6634	9930	1393287	3479334
1427889277	7074	9950	1393307	3479354
1427889287	7063	9970	1393327	3479374
1427889297	7063	9986	1393343	3479390
1427889307	7065	10010	1393367	3479414
1427889317	7065	10030	1393387	3479434
1427889327	7064	10046	1393403	3479450
1427889337	7061	10062	1393419	3479466
1427889347	7063	10087	1393444	3479491
1427889357	7061	10103	1393460	3479507
1427889367	7061	10123	1393480	3479527
1427889377	7062	10143	1393500	3479547
1427889387	7061	10163	1393520	3479567
1427889397	7064	10184	1393541	3479588
1427889407	7032	10200	1393557	3479604
1427889417	7080	10220	1393577	3479624
1427889427	7033	10240	1393597	3479644
1427889437	7048	10259	1393616	3479663
1427889447	7032	10279	1393636	3479683
1427889457	7024	10299	1393656	3479703
1427889467	7013	10315	1393672	3479719
1427889477	7011	10335	1393692	3479739
1427889487	7008	10355	1393712	3479759
1427889497	7001	10375	1393732	3479779
1427889507	7002	10391	1393748	3479795
1427889517	6995	10415	1393772	3479815
1427889527	6980	10435	1393792	3479839
1427889537	6985	10447	1393804	3479851
1427889548	6980	10471	1393828	3479875
1427889557	6960	10491	1393848	3479891
1427889567	6962	10506	1393863	3479910
1427889577	6931	10526	1393883	3479930
1427889587	6955	10546	1393903	3479950
1427889597	4312	10560	1393917	3479964
1427889607	6636	10579	1393936	3479983
1427889617	6948	10601	1393958	3480005
1427889627	6946	10621	1393978	3480025
1427889637	6941	10637	1393994	3480041
1427889647	6911	10657	1394014	3480061
1427889657	6872	10677	1394034	3480081
1427889667	6880	10695	1394052	3480099
1427889677	6857	10711	1394068	3480115
1427889687	6871	10731	1394088	3480135
1427889697	6879	10751	1394108	3480155
1427889707	6874	10770	1394127	3480174
1427889717	6875	10790	1394147	3480194
1427889727	6869	10806	1394163	3480210
1427889737	6876	10825	1394182	3480229
1427889747	6870	10844	1394201	3480248
1427889757	6887	10864	1394221	3480268
1427889767	6760	10884	1394241	3480288
1427889777	6900	10899	1394256	3480303
1427889787	6895	10918	1394275	3480322
1427889797	6894	10938	1394295	3480342
1427889807	6905	10958	1394315	3480362
1427889817	6892	10973	1394330	3480377
1427889827	6891	10997	1394354	3480401
1427889837	6887	11017	1394374	3480421
1427889847	6893	11033	1394390	3480437
1427889857	6891	11053	1394410	3480453
1427889867	6902	11071	1394428	3480475
1427889877	6925	11091	1394448	3480495
1427889887	6974	11107	1394464	3480511
1427889897	6970	11127	1394484	3480531
1427889907	6942	11147	1394504	3480551
1427889917	6920	11163	1394520	3480567
1427889927	6885	11182	1394539	3480586
1427889937	6875	11206	1394563	3480606
1427889947	6895	11222	1394579	3480626
1427889957	6876	11242	1394599	3480646
1427889967	6869	11261	1394618	3480665
1427889977	6857	11280	1394637	3480684
1427889987	6870	11300	1394657	3480704
1427889997	6892	11319	1394676	3480723
1427890007	6872	11335	1394692	3480739
1427890017	6850	11355	1394712	3480759
1427890027	6834	11375	1394732	3480779
1427890037	6828	11393	1394750	3480797
1427890047	6799	11409	1394766	3480813
1427890057	6782	11429	1394786	3480833
1427890067	6791	11448	1394805	3480852
1427890077	6797	11467	1394824	3480871
1427890087	6797	11486	1394843	3480890
1427890097	6786	11506	1394863	3480910
1427890107	6774	11526	1394883	3480926
1427890117	6761	11544	1394901	3480944
1427890127	6754	11560	1394917	3480964
1427890137	6752	11579	1394936	3480983
1427890147	6751	11598	1394955	3481002
1427890157	6754	11614	1394971	3481018
1427890167	6742	11633	1394990	3481037
1427890177	6739	11652	1395009	3481056
1427890187	6746	11671	1395028	3481075
1427890197	6735	11687	1395044	3481091
1427890207	6792	11709	1395066	3481113
1427890217	6450	11727	1395084	3481131
1427890227	6845	11747	1395104	3481151
1427890237	6945	11763	1395120	3481167
1427890247	6829	11782	1395139	3481183
1427890257	6864	11802	1395159	3481206
1427890267	6858	11818	1395175	3481222
1427890277	6838	11837	1395194	3481241
1427890287	6812	11856	1395213	3481260
1427890297	6778	11876	1395233	3481280
1427890307	6756	11896	1395253	3481300
1427890317	6742	11910	1395267	3481314
1427890327	6751	11930	1395287	3481334
1427890337	6749	11949	1395306	3481353
1427890347	6775	11964	1395321	3481368
1427890357	6830	11984	1395341	3481388
1427890367	5088	12001	1395358	3481405
1427890377	1974	12012	1395369	3481416
1427890387	7065	12030	1395387	3481434
1427890397	7000	12050	1395407	3481454
1427890407	7054	12066	1395423	3481470
1427890417	7104	12087	1395444	3481491
1427890427	1495	12095	1395452	3481499
1427890437	1606	12099	1395456	3481503
1427890447	4475	12107	1395464	3481511
1427890457	7066	12126	1395483	3481530
1427890467	7062	12142	1395499	3481546
1427890477	7070	12162	1395519	3481566
1427890487	7069	12183	1395540	3481587
1427890497	7073	12203	1395560	3481607
1427890507	7067	12223	1395580	3481627
1427890517	6856	12239	1395596	3481643
1427890527	7067	12263	1395620	3481667
1427890537	7051	12279	1395636	3481683
1427890547	7083	12299	1395656	3481703
1427890557	7068	12319	1395676	3481723
1427890567	7069	12340	1395697	3481744
1427890577	7072	12360	1395717	3481760
1427890587	7071	12379	1395736	3481779
1427890597	6622	12400	1395757	3481800
1427890607	3209	12409	1395766	3481813
1427890617	2934	12416	1395773	3481820
1427890627	3539	12426	1395783	3481830
1427890637	4112	12438	1395795	3481842
1427890647	3137	12448	1395805	3481852
1427890657	3303	12456	1395813	3481860
1427890667	3172	12466	1395823	3481870
1427890677	2908	12472	1395829	3481876
1427890687	2894	12482	1395839	3481886
1427890697	2956	12489	1395846	3481893
1427890707	3166	12498	1395855	3481902
1427890717	4051	12508	1395865	3481912
1427890727	5199	12521	1395878	3481925
1427890737	3899	12539	1395896	3481943
1427890747	3544	12549	1395906	3481953
1427890757	5357	12561	1395918	3481965
1427890767	2850	12569	1395926	3481973
1427890777	2732	12577	1395934	3481981
1427890787	3027	12584	1395941	3481988
1427890797	2410	12593	1395950	3481997
1427890807	2320	12598	1395955	3482002
1427890817	2222	12605	1395962	3482009
1427890827	2130	12611	1395968	3482015
1427890837	2079	12617	1395974	3482020
1427890847	2073	12622	1395979	3482026
1427890857	2081	12627	1395984	3482031
1427890867	2079	12633	1395990	3482037
1427890877	2077	12639	1395996	3482043
1427890887	2080	12645	1396002	3482049
1427890897	2055	12651	1396008	3482054
1427890907	2041	12656	1396013	3482060
1427890917	2048	12662	1396019	3482066
1427890927	2105	12668	1396025	3482072
1427890937	2148	12672	1396029	3482076
1427890947	2184	12678	1396035	3482082
1427890957	2226	12684	1396041	3482088
1427890967	2312	12692	1396049	3482096
1427890977	2269	12698	1396055	3482102
1427890987	2195	12704	1396061	3482108
1427890997	2108	12710	1396067	3482114
1427891007	2017	12716	1396073	3482120
1427891017	1968	12720	1396077	3482124
1427891027	1932	12726	1396083	3482130
1427891037	1903	12732	1396089	3482136
1427891047	1925	12737	1396094	3482141
1427891057	1991	12742	1396099	3482145
1427891067	2077	12748	1396105	3482151
1427891077	2155	12753	1396110	3482157
1427891087	2265	12759	1396116	3482163
1427891097	2308	12766	1396123	3482170
1427891107	2224	12773	1396130	3482177
1427891117	2154	12777	1396134	3482181
1427891127	2114	12783	1396140	3482187
1427891137	2170	12789	1396146	3482193
1427891147	2810	12795	1396152	3482199
1427891157	5884	12809	1396166	3482213
1427891167	4229	12822	1396179	3482226
1427891177	3437	12834	1396191	3482238
1427891187	5111	12846	1396203	3482250
1427891197	6242	12864	1396221	3482268
1427891207	7195	12880	1396237	3482284
1427891217	3536	12897	1396254	3482301
1427891227	4834	12917	1396274	3482321
1427891237	3090	12925	1396282	3482329
1427891247	2680	12933	1396290	3482337
1427891257	2402	12941	1396298	3482345
1427891267	2272	12947	1396304	3482351
1427891277	2209	12953	1396310	3482357
1427891287	2394	12959	1396316	3482363
1427891296	4907	12969	1396326	3482373
1427891306	2976	12979	1396336	3482383
1427891316	2400	12987	1396344	3482391
1427891326	2654	12993	1396350	3482395
1427891336	7203	13009	1396366	3482413
1427891346	4142	13027	1396384	3482431
1427891356	5141	13038	1396395	3482442
1427891366	7093	13051	1396408	3482455
1427891376	4836	13066	1396423	3482470
1427891386	4569	13076	1396433	3482480
1427891396	4043	13094	1396451	3482498
1427891406	2947	13100	1396457	3482504
1427891416	2622	13108	1396465	3482512
1427891426	2424	13116	1396473	3482520
1427891436	3186	13124	1396481	3482528
1427891446	5139	13134	1396491	3482538
1427891456	6368	13149	1396506	3482553
1427891466	4884	13165	1396522	3482569
1427891476	3563	13179	1396536	3482583
1427891486	5720	13188	1396545	3482589
1427891496	7079	13208	1396565	3482612
1427891506	7037	13225	1396582	3482629
1427891516	5186	13243	1396600	3482647
1427891526	2570	13256	1396613	3482660
1427891536	2306	13264	1396621	3482668
1427891546	2203	13268	1396625	3482672
1427891556	2325	13274	1396631	3482678
1427891566	2358	13282	1396639	3482686
1427891576	2036	13286	1396643	3482690
1427891586	3074	13294	1396651	3482698
1427891596	6938	13312	1396669	3482716
1427891606	7083	13328	1396685	3482732
1427891616	2032	13337	1396694	3482741
1427891626	1890	13343	1396700	3482747
1427891636	1776	13349	1396706	3482753
1427891646	1877	13353	1396710	3482757
1427891656	5347	13362	1396719	3482766
1427891666	7070	13382	1396739	3482786
1427891676	7067	13398	1396755	3482802
1427891686	6988	13422	1396779	3482826
1427891696	6197	13437	1396794	3482841
1427891706	3790	13452	1396809	3482856
1427891716	3952	13466	1396823	3482870
1427891726	7053	13486	1396843	3482890
1427891736	6986	13506	1396863	3482910
1427891746	6840	13521	1396878	3482925
1427891756	2947	13535	1396892	3482939
1427891766	3218	13544	1396901	3482948
1427891776	7057	13562	1396919	3482966
1427891786	7069	13578	1396935	3482982
1427891796	7089	13598	1396955	3483002
1427891806	7398	13616	1396973	3483020
1427891816	7064	13636	1396993	3483040
1427891826	7061	13656	1397013	3483060
1427891836	7189	13676	1397033	3483080
1427891846	3788	13689	1397046	3483093
1427891856	3209	13698	1397055	3483102
1427891866	7092	13715	1397072	3483119
1427891876	7066	13734	1397091	3483138
1427891886	7066	13754	1397111	3483158
1427891896	7064	13770	1397127	3483174
1427891906	7062	13791	1397148	3483195
1427891916	7025	13811	1397168	3483215
1427891926	7078	13831	1397188	3483235
1427891936	7093	13852	1397209	3483256
1427891946	7072	13871	1397228	3483275
1427891956	7064	13891	1397248	3483295
1427891966	7017	13907	1397264	3483307
1427891976	5157	13926	1397283	3483330
1427891986	4495	13940	1397297	3483344
1427891996	3368	13952	1397309	3483354
1427892006	3405	13962	1397319	3483366
1427892016	4258	13971	1397328	3483375
1427892026	3504	13980	1397337	3483384
1427892036	3267	13992	1397349	3483396
1427892046	3690	14002	1397359	3483406
1427892056	7324	14016	1397373	3483420
1427892066	3201	14033	1397390	3483437
1427892076	2845	14040	1397397	3483444
1427892086	3582	14049	1397406	3483451
1427892096	4446	14059	1397416	3483463
1427892106	7109	14074	1397431	3483478
1427892116	4212	14089	1397446	3483493
1427892126	7071	14113	1397470	3483513
1427892136	7075	14128	1397485	3483532
1427892146	7068	14149	1397506	3483553
1427892156	6901	14169	1397526	3483573
1427892166	7217	14185	1397542	3483589
1427892176	3935	14201	1397558	3483605
1427892186	5227	14213	1397570	3483617
1427892196	7081	14236	1397593	3483640
1427892206	4335	14249	1397606	3483653
1427892216	6696	14272	1397629	3483676
1427892226	7071	14288	1397645	3483688
1427892236	7057	14308	1397665	3483712
1427892246	5988	14327	1397684	3483731
1427892256	4486	14342	1397699	3483746
1427892266	6115	14358	1397715	3483762
1427892276	5971	14372	1397729	3483776
1427892286	6974	14391	1397748	3483795
1427892296	7100	14411	1397768	3483815
1427892306	4959	14428	1397785	3483832
1427892316	6692	14446	1397803	3483850
1427892326	7188	14465	1397822	3483869
1427892336	7135	14482	1397839	3483886
1427892346	6964	14502	1397859	3483906
1427892356	6772	14521	1397878	3483925
1427892366	6537	14536	1397893	3483940
1427892376	6010	14558	1397915	3483962
1427892386	4574	14569	1397926	3483973
1427892396	5461	14583	1397940	3483987
1427892406	6899	14599	1397956	3484003
1427892416	6271	14613	1397970	3484017
1427892426	7030	14637	1397994	3484041
1427892436	6634	14657	1398014	3484061
1427892446	6833	14672	1398029	3484076
1427892456	7058	14692	1398049	3484096
1427892466	6030	14711	1398068	3484115
1427892476	6986	14729	1398086	3484133
1427892486	4323	14739	1398096	3484143
1427892496	2693	14749	1398106	3484153
1427892506	2566	14757	1398114	3484161
1427892516	2860	14763	1398120	3484167
1427892526	3908	14771	1398128	3484175
1427892536	4145	14785	1398142	3484189
1427892546	3816	14796	1398153	3484200
1427892556	4739	14809	1398166	3484213
1427892566	3777	14823	1398180	3484227
1427892576	7143	14838	1398195	3484242
1427892586	7048	14858	1398215	3484262
1427892596	7068	14875	1398232	3484279
1427892606	4192	14888	1398245	3484292
1427892616	3392	14905	1398262	3484309
1427892626	2493	14913	1398270	3484317
1427892636	2304	14919	1398276	3484323
1427892646	2172	14925	1398282	3484329
1427892656	2111	14931	1398288	3484335
1427892666	2055	14937	1398294	3484341
1427892676	2038	14941	1398298	3484345
1427892686	2078	14948	1398305	3484351
1427892696	2628	14953	1398310	3484357
1427892706	4482	14965	1398322	3484369
1427892716	4745	14979	1398336	3484383
1427892726	4005	14993	1398350	3484397
1427892736	2522	14999	1398356	3484403
1427892746	4452	15009	1398366	3484413
1427892756	4406	15021	1398378	3484425
1427892766	4501	15034	1398391	3484438
1427892776	2241	15045	1398402	3484449
1427892786	2013	15049	1398406	3484453
1427892796	1894	15056	1398413	3484460
1427892806	4436	15066	1398423	3484470
1427892816	1697	15074	1398431	3484478
1427892826	1501	15076	1398433	3484480
1427892836	1322	15080	1398437	3484484
1427892846	1156	15084	1398441	3484488
1427892856	1060	15087	1398444	3484491
1427892866	939	15090	1398447	3484494
1427892876	864	15092	1398449	3484496
1427892886	788	15095	1398452	3484499
1427892896	737	15096	1398453	3484500
1427892906	705	15099	1398456	3484503
1427892916	698	15100	1398457	3484504
1427892926	707	15102	1398459	3484506
1427892936	719	15104	1398461	3484508
1427892946	728	15106	1398463	3484510
1427892956	747	15108	1398465	3484512
1427892966	761	15110	1398467	3484514
1427892976	783	15114	1398471	3484516
1427892986	793	15114	1398471	3484518
1427892996	830	15118	1398475	3484522
1427893006	887	15120	1398477	3484524
1427893016	948	15122	1398479	3484526
1427893026	1028	15124	1398481	3484528
1427893036	1090	15128	1398485	3484532
1427893046	1153	15130	1398487	3484534
1427893056	1183	15134	1398491	3484538
1427893066	1179	15138	1398495	3484542
1427893076	1172	15140	1398497	3484544
1427893086	1164	15143	1398500	3484547
1427893096	1159	15147	1398504	3484551
1427893106	1166	15150	1398507	3484554
1427893116	1193	15154	1398511	3484558
1427893126	1226	15157	1398514	3484561
1427893136	1247	15160	1398517	3484564
1427893146	1266	15164	1398521	3484568
1427893156	1270	15167	1398524	3484571
1427893166	1281	15171	1398528	3484574
1427893176	1299	15174	1398531	3484578
1427893186	1310	15178	1398535	3484581
1427893196	1312	15181	1398538	3484585
1427893206	1307	15184	1398541	3484588
1427893216	1292	15189	1398546	3484593
1427893226	1272	15191	1398548	3484595
1427893236	1255	15195	1398552	3484599
1427893246	1225	15199	1398556	3484603
1427893256	1196	15202	1398559	3484606
1427893266	1166	15205	1398562	3484609
1427893276	1126	15209	1398566	3484612
1427893286	1091	15211	1398568	3484615
1427893296	1050	15215	1398572	3484619
1427893306	1029	15217	1398574	3484621
1427893316	986	15220	1398577	3484623
1427893326	949	15223	1398580	3484627
1427893336	921	15225	1398582	3484629
1427893346	913	15227	1398584	3484631
1427893356	926	15231	1398588	3484635
1427893366	944	15233	1398590	3484637
1427893376	966	15235	1398592	3484639
1427893386	938	15237	1398594	3484641
1427893396	1006	15241	1398598	3484645
1427893406	1021	15243	1398600	3484647
1427893416	1031	15247	1398604	3484651
1427893426	1039	15249	1398606	3484653
1427893436	1040	15251	1398608	3484655
1427893446	1035	15255	1398612	3484659
1427893456	1017	15257	1398614	3484661
1427893466	983	15260	1398617	3484664
1427893476	932	15263	1398620	3484667
1427893486	880	15265	1398622	3484669
1427893496	825	15268	1398625	3484672
1427893506	794	15270	1398627	3484674
1427893516	768	15272	1398629	3484676
1427893526	750	15274	1398631	3484678
1427893536	755	15276	1398633	3484680
1427893546	770	15278	1398635	3484682
1427893556	805	15280	1398637	3484684
1427893566	845	15283	1398640	3484687
1427893576	886	15285	1398642	3484689
1427893586	913	15288	1398645	3484692
1427893596	927	15290	1398647	3484694
1427893606	938	15293	1398650	3484697
1427893616	908	15295	1398652	3484699
1427893626	857	15298	1398655	3484702
1427893636	796	15300	1398657	3484704
1427893646	743	15302	1398659	3484706
1427893656	702	15304	1398661	3484708
1427893666	658	15306	1398663	3484710
1427893676	623	15307	1398664	3484711
1427893686	583	15309	1398666	3484713
1427893696	541	15311	1398668	3484714
1427893706	512	15312	1398669	3484716
1427893716	482	15313	1398670	3484717
1427893726	461	15314	1398671	3484718
1427893736	444	15316	1398673	3484720
1427893746	437	15317	1398674	3484721
1427893756	432	15318	1398675	3484722
1427893766	434	15320	1398677	3484724
1427893776	440	15320	1398677	3484724
1427893786	452	15322	1398679	3484726
1427893796	466	15323	1398680	3484727
1427893806	481	15324	1398681	3484728
1427893816	498	15326	1398683	3484730
1427893826	513	15328	1398685	3484731
1427893836	523	15328	1398685	3484732
1427893846	533	15330	1398687	3484734
1427893856	546	15332	1398689	3484736
1427893866	555	15333	1398690	3484737
1427893876	565	15334	1398691	3484738
1427893886	587	15336	1398693	3484740
1427893896	603	15338	1398695	3484742
1427893906	623	15340	1398697	3484744
1427893916	645	15341	1398698	3484745
1427893926	673	15344	1398701	3484748
1427893936	696	15344	1398701	3484748
1427893946	726	15346	1398703	3484750
1427893956	750	15349	1398706	3484753
1427893966	775	15350	1398707	3484754
1427893976	806	15352	1398709	3484756
1427893986	733	15356	1398713	3484760
1427893996	860	15358	1398715	3484762
1427894006	887	15360	1398717	3484764
1427894016	910	15362	1398719	3484766
1427894026	938	15364	1398721	3484768
1427894036	975	15368	1398725	3484772
1427894046	1017	15370	1398727	3484774
1427894056	1076	15374	1398731	3484778
1427894066	1148	15376	1398733	3484780
1427894076	1238	15380	1398737	3484784
1427894086	1317	15384	1398741	3484787
1427894096	1380	15386	1398743	3484790
1427894106	1458	15391	1398748	3484795
1427894116	1531	15394	1398751	3484798
1427894126	1720	15400	1398757	3484804
1427894136	2334	15404	1398761	3484808
1427894146	1769	15410	1398767	3484814
1427894156	1755	15415	1398772	3484819
1427894166	1769	15420	1398777	3484824
1427894176	1779	15424	1398781	3484828
1427894186	1796	15429	1398786	3484833
1427894196	1803	15434	1398791	3484838
1427894206	1807	15439	1398796	3484843
1427894216	1806	15444	1398801	3484848
1427894226	1806	15449	1398806	3484853
1427894236	1804	15453	1398810	3484857
1427894246	1805	15459	1398816	3484863
1427894256	1809	15463	1398820	3484867
1427894266	1813	15469	1398826	3484873
1427894276	1822	15473	1398830	3484877
1427894286	1833	15479	1398836	3484883
1427894296	1856	15483	1398840	3484887
1427894306	1898	15489	1398846	3484893
1427894316	1965	15495	1398852	3484899
1427894326	2034	15499	1398856	3484903
1427894336	2148	15507	1398864	3484911
1427894346	2221	15511	1398868	3484915
1427894356	2398	15517	1398874	3484921
1427894366	2840	15525	1398882	3484929
1427894376	2491	15533	1398890	3484937
1427894386	2356	15541	1398898	3484945
1427894396	2292	15546	1398903	3484950
1427894406	2238	15552	1398909	3484956
1427894416	2206	15559	1398916	3484963
1427894426	2189	15564	1398921	3484968
1427894436	2156	15571	1398928	3484975
1427894446	2137	15576	1398933	3484980
1427894456	2117	15582	1398939	3484986
1427894466	2094	15588	1398945	3484992
1427894476	2051	15595	1398952	3484998
1427894486	2005	15600	1398957	3485004
1427894496	1945	15605	1398962	3485009
1427894506	1889	15610	1398967	3485014
1427894516	1816	15616	1398973	3485020
1427894526	1768	15620	1398977	3485024
1427894536	1719	15624	1398981	3485028
1427894546	1687	15628	1398985	3485032
1427894556	1651	15634	1398991	3485038
1427894566	1611	15640	1398997	3485044
1427894576	1515	15644	1399001	3485046
1427894586	1415	15646	1399003	3485050
1427894596	1437	15650	1399007	3485054
1427894606	1410	15655	1399012	3485059
1427894616	1386	15659	1399016	3485063
1427894626	1372	15662	1399019	3485066
1427894636	1353	15666	1399023	3485070
1427894646	1339	15670	1399027	3485074
1427894656	1324	15672	1399029	3485076
1427894666	1313	15676	1399033	3485080
1427894676	1299	15680	1399037	3485084
1427894686	1282	15684	1399041	3485088
1427894696	1265	15688	1399045	3485092
1427894706	1253	15690	1399047	3485094
1427894716	1228	15694	1399051	3485098
1427894726	1200	15698	1399055	3485102
1427894736	1172	15701	1399058	3485105
1427894746	1143	15704	1399061	3485108
1427894756	1120	15707	1399064	3485111
1427894766	1100	15710	1399067	3485114
1427894776	1080	15713	1399070	3485117
1427894786	1070	15716	1399073	3485120
1427894796	1062	15719	1399076	3485123
1427894806	1053	15722	1399079	3485126
1427894816	1053	15725	1399082	3485129
1427894826	1060	15728	1399085	3485132
1427894836	1068	15730	1399087	3485134
1427894846	1078	15733	1399090	3485137
1427894856	1102	15737	1399094	3485141
1427894866	1117	15739	1399096	3485143
1427894876	1147	15743	1399100	3485147
1427894886	1176	15746	1399103	3485150
1427894896	1197	15749	1399106	3485153
1427894906	1226	15753	1399110	3485157
1427894916	1254	15756	1399113	3485160
1427894926	1273	15760	1399117	3485164
1427894936	1298	15763	1399120	3485167
1427894946	1316	15766	1399123	3485170
1427894956	1337	15770	1399127	3485174
1427894966	1353	15774	1399131	3485178
1427894976	1372	15778	1399135	3485182
1427894986	1385	15781	1399138	3485185
1427894996	1395	15785	1399142	3485189
1427895006	1419	15789	1399146	3485193
1427895016	1455	15793	1399150	3485197
1427895026	1553	15797	1399154	3485201
1427895036	2241	15801	1399158	3485205
1427895046	2523	15808	1399165	3485212
1427895056	2045	15814	1399171	3485218
1427895066	2242	15820	1399177	3485224
1427895076	2676	15827	1399184	3485231
1427895086	2641	15835	1399192	3485239
1427895096	2546	15841	1399198	3485245
1427895106	2727	15849	1399206	3485252
1427895116	2726	15855	1399212	3485259
1427895126	3189	15863	1399220	3485267
1427895136	3345	15872	1399229	3485276
1427895146	3538	15881	1399238	3485285
1427895156	3004	15893	1399250	3485297
1427895166	3626	15901	1399258	3485305
1427895176	4372	15911	1399268	3485313
1427895186	5413	15927	1399284	3485331
1427895196	6337	15939	1399296	3485343
1427895206	6502	15961	1399318	3485365
1427895216	6493	15977	1399334	3485381
1427895226	6420	15995	1399352	3485399
1427895236	6361	16013	1399370	3485417
1427895246	6306	16031	1399388	3485435
1427895256	6268	16045	1399402	3485449
1427895266	6208	16063	1399420	3485467
1427895276	6158	16080	1399437	3485484
1427895286	6104	16098	1399455	3485502
1427895296	6047	16116	1399473	3485520
1427895337	6009	16132	1399489	3485536
1427895346	5855	16196	1399553	3485600
1427895356	5820	16213	1399570	3485617
1427895366	5783	16230	1399587	3485634
1427895376	5763	16246	1399603	3485647
1427895386	5734	16259	1399616	3485663
1427895399	5702	16275	1399632	3485679
1427895437	5687	16289	1399646	3485693
1427895446	5630	16353	1399710	3485757
1427895459	5356	16369	1399726	3485773
1427895468	5559	16381	1399738	3485785
1427895476	5612	16397	1399754	3485801
1427895486	5642	16413	1399770	3485817
1427895496	5666	16426	1399783	3485830
1427895506	5632	16444	1399801	3485848
1427895516	5694	16461	1399818	3485865
1427895526	5704	16474	1399831	3485878
1427895545	5729	16494	1399851	3485894
1427895545	5734	16506	1399863	3485910
1427895557	5708	16522	1399879	3485926
1427895696	4681	16718	1400075	3486122
1427895700	5066	16721	1400078	3486125
1427895706	5242	16737	1400094	3486141
1427895747	5824	16753	1400110	3486157
1427895756	1061	16773	1400130	3486177
1427895766	1068	16775	1400132	3486179
1427895776	1114	16779	1400136	3486183
1427895786	1211	16781	1400138	3486185
1427895796	1442	16785	1400142	3486189
1427895806	2535	16791	1400148	3486195
1427895816	1873	16798	1400155	3486202
1427895826	1776	16803	1400160	3486207
1427895836	1766	16808	1400165	3486212
1427895846	1924	16813	1400170	3486217
1427895856	1991	16818	1400175	3486222
1427895866	2044	16824	1400181	3486228
1427895876	4195	16831	1400188	3486235
1427895886	5528	16844	1400201	3486248
1427895896	6228	16860	1400217	3486264
1427895906	6441	16882	1400239	3486286
1427895916	2120	16892	1400249	3486294
1427895933	1901	16897	1400254	3486301
1427895938	1959	16902	1400259	3486306
1427895953	2113	16908	1400265	3486312
1427895956	1770	16912	1400269	3486316
1427895966	1602	16918	1400275	3486322
1427896008	1540	16922	1400279	3486326
1427896016	1584	16938	1400295	3486342
1427896026	1744	16943	1400300	3486347
1427896036	1703	16948	1400305	3486352
1427896046	1726	16952	1400309	3486356
1427896056	1933	16957	1400314	3486361
1427896067	2036	16963	1400320	3486367
1427896076	2386	16970	1400327	3486374
1427896086	2495	16977	1400334	3486381
1427896098	3609	16986	1400343	3486390
1427896137	3468	16996	1400353	3486400
1427896146	3745	17027	1400384	3486431
1427896156	3464	17041	1400398	3486445
1427896166	4510	17053	1400410	3486457
1427896176	6691	17071	1400428	3486475
1427896186	6621	17085	1400442	3486489
1427896196	6568	17101	1400458	3486505
1427896206	6513	17119	1400476	3486523
1427896216	6443	17137	1400494	3486541
1427896226	6350	17156	1400513	3486560
1427896236	6270	17174	1400531	3486578
1427896246	5028	17190	1400547	3486594
1427896256	5629	17201	1400558	3486605
1427896266	6040	17222	1400579	3486626
1427896276	5986	17239	1400596	3486643
1427896286	5944	17252	1400609	3486656
1427896296	5919	17270	1400627	3486674
1427896306	5873	17286	1400643	3486690
1427896317	5653	17300	1400657	3486704
1427896326	5717	17318	1400675	3486722
1427896336	5698	17332	1400689	3486736
1427896347	5651	17348	1400705	3486752
1427896358	5651	17364	1400721	3486768
1427896366	5646	17377	1400734	3486781
1427896376	5757	17393	1400750	3486797
1427896386	5839	17410	1400767	3486814
1427896396	5408	17426	1400783	3486830
1427896407	5846	17439	1400796	3486843
1427896416	2211	17451	1400808	3486855
1427896426	2201	17457	1400814	3486861
1427896437	5373	17467	1400824	3486871
1427896446	5902	17484	1400841	3486888
1427896456	5864	17501	1400858	3486905
1427896466	5869	17514	1400871	3486918
1427896477	5854	17531	1400888	3486935
1427896486	5740	17547	1400904	3486951
1427896496	5779	17563	1400920	3486967
1427896506	5782	17581	1400938	3486985
1427896516	5814	17593	1400950	3486997
1427896526	5919	17613	1400970	3487017
1427896536	5964	17627	1400984	3487031
1427896546	2822	17643	1401000	3487047
1427896556	2178	17648	1401005	3487052
1427896566	2283	17653	1401010	3487057
1427896576	2204	17663	1401020	3487067
1427896586	2383	17671	1401028	3487075
1427896596	2917	17677	1401034	3487081
1427896606	2527	17685	1401042	3487089
1427896616	4237	17695	1401052	3487099
1427896626	5528	17709	1401066	3487113
1427896636	5222	17721	1401078	3487125
1427896646	4227	17738	1401095	3487142
1427896657	1681	17745	1401102	3487149
1427896666	4972	17753	1401110	3487157
1427896676	5691	17769	1401126	3487171
1427896687	5549	17785	1401142	3487189
1427896697	1741	17792	1401149	3487196
1427896707	3059	17799	1401156	3487201
1427896716	2767	17809	1401166	3487211
1427896726	4958	17817	1401174	3487221
1427896736	3861	17829	1401186	3487233
1427896746	1954	17835	1401192	3487239
1427896757	2444	17840	1401197	3487244
1427896767	4812	17851	1401208	3487255
1427896776	4563	17864	1401221	3487268
1427896787	4604	17877	1401234	3487281
1427896797	2702	17886	1401243	3487290
1427896806	3605	17892	1401249	3487296
1427896817	3042	17902	1401259	3487306
1427896826	4513	17912	1401269	3487316
1427896837	2449	17922	1401279	3487326
1427896847	4623	17934	1401291	3487338
1427896856	4863	17946	1401303	3487350
1427896867	4946	17959	1401316	3487363
1427896877	4861	17970	1401327	3487374
1427896886	3100	17980	1401337	3487384
1427896896	4079	17990	1401347	3487394
1427896906	5296	18004	1401361	3487408
1427896916	5309	18017	1401374	3487421
1427896926	5456	18035	1401392	3487439
1427896938	5456	18048	1401405	3487452
1427896946	5399	18063	1401420	3487467
1427896957	5357	18078	1401435	3487482
1427896966	5186	18093	1401450	3487497
1427896976	5406	18105	1401462	3487509
1427896986	5564	18124	1401481	3487528
1427896996	5587	18137	1401494	3487541
1427897006	5349	18155	1401512	3487555
1427897016	5163	18163	1401520	3487567
1427897027	5061	18179	1401536	3487583
1427897036	5483	18194	1401551	3487598
1427897047	5514	18209	1401566	3487613
1427897056	5540	18225	1401582	3487629
1427897066	5578	18241	1401598	3487645
1427897076	5552	18257	1401614	3487661
1427897086	5536	18270	1401627	3487674
1427897096	5502	18286	1401643	3487690
1427897107	5485	18301	1401658	3487705
1427897117	5425	18316	1401673	3487720
1427897126	5441	18332	1401689	3487736
1427897136	5413	18348	1401705	3487752
1427897146	5410	18360	1401717	3487764
1427897156	5366	18376	1401733	3487780
1427897166	5313	18390	1401747	3487794
1427897177	5272	18402	1401759	3487806
1427897186	5229	18420	1401777	3487824
1427897196	5172	18432	1401789	3487836
1427897206	5093	18450	1401807	3487854
1427897216	5061	18464	1401821	3487865
1427897226	5041	18476	1401833	3487877
1427897236	4987	18490	1401847	3487894
1427897246	4913	18501	1401858	3487905
1427897256	4959	18515	1401872	3487919
1427897266	4955	18529	1401886	3487933
1427897276	4938	18541	1401898	3487945
1427897286	4940	18558	1401915	3487959
1427897297	4925	18569	1401926	3487973
1427897306	4941	18583	1401940	3487987
1427897316	4943	18597	1401954	3488001
1427897326	4921	18611	1401968	3488015
1427897336	4894	18626	1401983	3488030
1427897346	4777	18639	1401996	3488043
1427897357	4877	18650	1402007	3488054
1427897366	4877	18664	1402021	3488068
1427897376	4883	18677	1402034	3488081
1427897386	4873	18691	1402048	3488095
1427897396	4663	18702	1402059	3488106
1427897406	4881	18719	1402076	3488123
1427897416	4859	18730	1402087	3488134
1427897427	4860	18744	1402101	3488148
1427897436	4895	18757	1402114	3488161
1427897446	4957	18772	1402129	3488176
1427897456	5021	18783	1402140	3488187
1427897466	5153	18798	1402155	3488202
1427897476	4901	18812	1402169	3488216
1427897486	5125	18825	1402182	3488229
1427897496	5134	18840	1402197	3488244
1427897506	5146	18854	1402211	3488258
1427897516	5152	18866	1402223	3488270
1427897526	5126	18881	1402238	3488285
1427897536	5105	18895	1402252	3488299
1427897546	5077	18910	1402267	3488314
1427897556	5099	18924	1402281	3488328
1427897566	5192	18939	1402296	3488343
1427897577	1783	18947	1402304	3488351
1427897586	1874	18951	1402308	3488355
1427897596	2342	18959	1402316	3488363
1427897606	1667	18964	1402321	3488368
1427897616	1548	18967	1402324	3488371
1427897626	1492	18972	1402329	3488376
1427897637	1491	18977	1402334	3488381
1427897656	1953	18985	1402342	3488389
1427897666	5152	19000	1402357	3488404
1427897676	5132	19012	1402369	3488416
1427897686	5153	19026	1402383	3488430
1427897696	5146	19041	1402398	3488445
1427897706	4981	19055	1402412	3488459
1427897716	4876	19070	1402427	3488474
1427897726	5136	19082	1402439	3488486
1427897736	4942	19096	1402453	3488500
1427897746	4758	19110	1402467	3488514
1427897756	4436	19120	1402477	3488524
1427897766	3789	19130	1402487	3488534
1427897776	4651	19141	1402498	3488545
1427897786	4990	19155	1402512	3488559
1427897797	4990	19169	1402526	3488573
1427897807	4893	19184	1402541	3488588
1427897816	4927	19197	1402554	3488601
1427897826	4915	19211	1402568	3488612
1427897836	4741	19222	1402579	3488626
1427897846	4879	19236	1402593	3488640
1427897856	4329	19247	1402604	3488651
1427897866	2001	19255	1402612	3488659
1427897876	1792	19261	1402618	3488665
1427897886	2535	19267	1402624	3488671
1427897896	1413	19272	1402629	3488676
1427897906	1353	19275	1402632	3488679
1427897916	2231	19281	1402638	3488685
1427897926	1834	19285	1402642	3488689
1427897936	1599	19290	1402647	3488694
1427897946	3735	19297	1402654	3488701
1427897957	1520	19306	1402663	3488710
1427897966	2044	19310	1402667	3488714
1427897976	1600	19315	1402672	3488719
1427897986	2438	19321	1402678	3488725
1427897996	4734	19334	1402691	3488736
1427898006	4701	19345	1402702	3488749
1427898016	4694	19355	1402712	3488759
1427898026	4618	19371	1402728	3488775
1427898037	4676	19382	1402739	3488786
1427898046	4805	19395	1402752	3488799
1427898056	4811	19409	1402766	3488813
1427898073	4776	19423	1402780	3488827
1427898076	4758	19436	1402793	3488840
1427898086	4752	19450	1402807	3488854
1427898096	4689	19461	1402818	3488865
1427898106	4719	19474	1402831	3488878
1427898116	4640	19488	1402845	3488892
1427898126	4620	19500	1402857	3488904
1427898136	4579	19513	1402870	3488917
1427898146	4580	19524	1402881	3488928
1427898156	4587	19538	1402895	3488942
1427898166	4531	19550	1402907	3488954
1427898176	4569	19563	1402920	3488967
1427898186	4471	19576	1402933	3488977
1427898196	4035	19588	1402945	3488992
1427898206	2159	19598	1402955	3489000
1427898225	1337	19604	1402961	3489008
1427898235	1433	19608	1402965	3489012
1427898245	2280	19614	1402971	3489018
1427898255	1824	19618	1402975	3489022
1427898265	1653	19622	1402979	3489026
1427898275	2415	19629	1402986	3489032
1427898285	2012	19635	1402992	3489039
1427898295	2239	19641	1402998	3489045
1427898305	2056	19648	1403005	3489052
1427898315	1756	19652	1403009	3489056
1427898325	1823	19658	1403015	3489062
1427898335	1858	19663	1403020	3489067
1427898345	2120	19668	1403025	3489072
1427898356	2280	19674	1403031	3489078
1427898365	2894	19682	1403039	3489086
1427898375	2970	19689	1403046	3489093
1427898385	2362	19697	1403054	3489101
1427898395	1825	19703	1403060	3489107
1427898405	1659	19707	1403064	3489111
1427898415	1573	19711	1403068	3489115
1427898425	1517	19715	1403072	3489119
1427898435	1449	19719	1403076	3489123
1427898445	1385	19723	1403080	3489127
1427898455	1330	19727	1403084	3489131
1427898465	1282	19731	1403088	3489135
1427898476	1245	19735	1403092	3489139
1427898486	1223	19738	1403095	3489142
1427898495	1196	19741	1403098	3489145
1427898505	1173	19744	1403101	3489148
1427898515	1153	19747	1403104	3489151
1427898525	1129	19751	1403108	3489155
1427898536	1106	19754	1403111	3489158
1427898545	1091	19756	1403113	3489160
1427898555	1075	19759	1403116	3489163
1427898565	1065	19763	1403120	3489167
1427898575	1069	19765	1403122	3489169
1427898585	1083	19769	1403126	3489173
1427898595	1101	19772	1403129	3489176
1427898606	1115	19774	1403131	3489178
1427898615	1125	19777	1403134	3489181
1427898625	1142	19781	1403138	3489185
1427898635	1157	19783	1403140	3489187
1427898645	1184	19787	1403144	3489191
1427898655	1221	19791	1403148	3489195
1427898665	1276	19794	1403151	3489198
1427898675	1357	19797	1403154	3489201
1427898685	1579	19801	1403158	3489205
1427898695	2824	19808	1403165	3489212
1427898705	2995	19817	1403174	3489221
1427898715	2014	19823	1403180	3489227
1427898725	1600	19827	1403184	3489231
1427898735	1629	19831	1403188	3489235
1427898745	1640	19837	1403194	3489241
1427898755	1780	19842	1403199	3489246
1427898766	2535	19848	1403205	3489252
1427898777	3927	19858	1403215	3489262
1427898786	3319	19866	1403223	3489270
1427898796	3168	19877	1403234	3489281
1427898806	3905	19885	1403242	3489289
1427898816	2741	19895	1403252	3489299
1427898826	2873	19902	1403259	3489304
1427898836	2058	19910	1403267	3489314
1427898846	1870	19914	1403271	3489318
1427898856	2284	19920	1403277	3489324
1427898866	4190	19931	1403288	3489335
1427898876	4520	19940	1403297	3489344
1427898886	4455	19955	1403312	3489359
1427898896	1937	19963	1403320	3489367
1427898906	1653	19967	1403324	3489371
1427898916	1586	19971	1403328	3489375
1427898927	1477	19975	1403332	3489379
1427898936	1396	19980	1403337	3489384
1427898946	1350	19983	1403340	3489387
1427898956	1284	19987	1403344	3489391
1427898966	1238	19991	1403348	3489395
1427898976	1203	19993	1403350	3489397
1427898986	1185	19997	1403354	3489401
1427898996	1166	20001	1403358	3489405
1427899006	1163	20003	1403360	3489407
1427899016	1189	20007	1403364	3489411
1427899026	1198	20009	1403366	3489413
1427899036	1240	20013	1403370	3489417
1427899046	1344	20018	1403375	3489422
1427899056	1359	20022	1403379	3489426
1427899066	1351	20026	1403383	3489430
1427899076	1355	20029	1403386	3489433
1427899086	1438	20033	1403390	3489437
1427899096	1509	20037	1403394	3489441
1427899106	1511	20042	1403399	3489446
1427899116	2487	20046	1403403	3489450
1427899126	1631	20052	1403409	3489456
1427899136	2115	20056	1403413	3489460
1427899146	3281	20065	1403422	3489469
1427899156	1664	20069	1403426	3489473
1427899166	1509	20075	1403432	3489479
1427899176	1505	20079	1403436	3489483
1427899186	1460	20083	1403440	3489487
1427899196	1493	20086	1403443	3489490
1427899206	2258	20092	1403449	3489496
1427899216	1832	20096	1403453	3489500
1427899226	1635	20102	1403459	3489506
1427899236	1466	20106	1403463	3489510
1427899246	1510	20110	1403467	3489514
1427899256	1511	20114	1403471	3489518
1427899266	1459	20119	1403476	3489523
1427899276	2472	20123	1403480	3489527
1427899286	1826	20130	1403487	3489534
1427899296	3331	20138	1403495	3489542
1427899306	3674	20147	1403504	3489551
1427899316	3705	20156	1403513	3489560
1427899326	3681	20166	1403523	3489570
1427899336	3642	20177	1403534	3489581
1427899346	3612	20187	1403544	3489591
1427899356	3599	20197	1403554	3489601
1427899366	3583	20208	1403565	3489612
1427899376	2670	20215	1403572	3489619
1427899386	1516	20220	1403577	3489624
1427899396	2492	20226	1403583	3489630
1427899406	3213	20231	1403588	3489635
1427899416	3472	20243	1403600	3489647
1427899426	3377	20251	1403608	3489655
1427899436	2695	20259	1403616	3489663
1427899446	3275	20269	1403626	3489673
1427899456	3224	20278	1403635	3489682
1427899466	3206	20285	1403642	3489689
1427899486	3162	20302	1403659	3489706
1427899496	2740	20309	1403666	3489713
1427899506	3163	20318	1403675	3489722
1427899516	3210	20327	1403684	3489731
1427899526	3191	20335	1403692	3489739
1427899536	3192	20345	1403702	3489749
1427899546	3198	20352	1403709	3489756
1427899556	3138	20361	1403718	3489765
1427899566	2694	20370	1403727	3489774
1427899576	2456	20375	1403732	3489779
1427899586	3098	20386	1403743	3489790
1427899596	2796	20394	1403751	3489798
1427899606	1645	20399	1403756	3489803
1427899616	2487	20405	1403762	3489809
1427899626	1810	20412	1403769	3489816
1427899636	1182	20416	1403773	3489820
1427899646	1155	20419	1403776	3489823
1427899656	1326	20423	1403780	3489827
1427899666	2818	20428	1403785	3489832
1427899676	2831	20434	1403791	3489838
1427899686	2816	20442	1403799	3489846
1427899696	2920	20450	1403807	3489854
1427899706	1445	20455	1403812	3489859
1427899716	2185	20461	1403818	3489865
1427899726	3096	20469	1403826	3489873
1427899736	2797	20478	1403835	3489882
1427899746	2106	20485	1403842	3489887
1427899756	2242	20490	1403847	3489894
1427899766	2787	20497	1403854	3489900
1427899776	1814	20503	1403860	3489907
1427899786	1762	20507	1403864	3489911
1427899796	3028	20516	1403873	3489920
1427899806	2956	20524	1403881	3489928
1427899816	3014	20531	1403888	3489935
1427899826	3054	20540	1403897	3489944
1427899836	3103	20547	1403904	3489951
1427899846	874	20551	1403908	3489955
1427899856	825	20554	1403911	3489958
1427899866	731	20556	1403913	3489960
1427899876	678	20558	1403915	3489962
1427899886	641	20559	1403916	3489963
1427899896	616	20561	1403918	3489965
1427899906	596	20562	1403919	3489966
1427899916	581	20564	1403921	3489968
1427899926	577	20566	1403923	3489970
1427899936	576	20568	1403925	3489972
1427899946	586	20568	1403925	3489972
1427899956	605	20570	1403927	3489974
1427899966	679	20572	1403929	3489976
1427899976	738	20574	1403931	3489978
1427899986	834	20576	1403933	3489980
1427899996	1565	20580	1403937	3489984
1427900006	2376	20585	1403942	3489989
1427900016	2819	20592	1403949	3489996
1427900026	3094	20601	1403958	3490005
1427900036	3320	20612	1403969	3490016
1427900046	3329	20619	1403976	3490023
1427900056	3330	20629	1403986	3490033
1427900066	3385	20638	1403995	3490042
1427900076	3434	20647	1404004	3490051
1427900086	1574	20652	1404009	3490056
1427900096	1403	20655	1404012	3490059
1427900106	971	20658	1404015	3490062
1427900116	910	20661	1404018	3490064
1427900126	942	20663	1404020	3490067
1427900136	1191	20666	1404023	3490070
1427900146	1056	20670	1404027	3490074
1427900156	1005	20672	1404029	3490076
1427900166	1116	20675	1404032	3490079
1427900176	1089	20679	1404036	3490083
1427900186	2144	20682	1404039	3490086
1427900196	3278	20691	1404048	3490095
1427900206	3351	20700	1404057	3490104
1427900216	3315	20708	1404065	3490112
1427900226	3303	20719	1404076	3490123
1427900236	3281	20726	1404083	3490130
1427900246	3237	20735	1404092	3490139
1427900256	3248	20746	1404103	3490150
1427900266	3068	20753	1404110	3490157
1427900276	2831	20760	1404117	3490164
1427900286	3242	20769	1404126	3490173
1427900296	2117	20776	1404133	3490180
1427900306	1100	20780	1404137	3490184
1427900316	967	20783	1404140	3490187
1427900326	1209	20786	1404143	3490190
1427900336	2587	20789	1404146	3490193
1427900346	3170	20801	1404158	3490203
1427900356	3156	20808	1404165	3490212
1427900366	3173	20817	1404174	3490221
1427900376	3191	20826	1404183	3490230
1427900386	3191	20835	1404192	3490239
1427900396	3204	20844	1404201	3490248
1427900406	3223	20852	1404209	3490256
1427900416	3235	20861	1404218	3490265
1427900426	3241	20870	1404227	3490274
1427900436	3236	20880	1404237	3490284
1427900446	3229	20889	1404246	3490293
1427900456	3204	20896	1404253	3490300
1427900466	3189	20905	1404262	3490309
1427900476	3157	20913	1404270	3490317
1427900486	3126	20922	1404279	3490326
1427900496	3084	20932	1404289	3490336
1427900506	3051	20941	1404298	3490345
1427900516	3014	20948	1404305	3490352
1427900526	2932	20956	1404313	3490360
1427900536	2925	20962	1404319	3490366
1427900546	2889	20972	1404329	3490376
1427900556	2822	20980	1404337	3490384
1427900566	2782	20988	1404345	3490392
1427900576	2767	20995	1404352	3490397
1427900586	2754	21002	1404359	3490406
1427900596	2750	21009	1404366	3490413
1427900606	2728	21017	1404374	3490421
1427900616	2636	21024	1404381	3490428
1427900626	2733	21032	1404389	3490436
1427900636	2727	21040	1404397	3490444
1427900646	2721	21047	1404404	3490451
1427900656	2700	21055	1404412	3490459
1427900666	2692	21062	1404419	3490466
1427900676	2692	21069	1404426	3490473
1427900686	2687	21077	1404434	3490481
1427900696	2686	21083	1404440	3490487
1427900706	2672	21092	1404449	3490496
1427900716	2680	21100	1404457	3490504
1427900726	2184	21105	1404462	3490509
1427900736	2623	21112	1404469	3490516
1427900746	2720	21120	1404477	3490524
1427900756	2700	21127	1404484	3490531
1427900766	2667	21133	1404490	3490537
1427900776	2734	21141	1404498	3490545
1427900786	2708	21150	1404507	3490552
1427900796	2709	21156	1404513	3490560
1427900806	2716	21163	1404520	3490567
1427900816	2713	21172	1404529	3490576
1427900826	2686	21180	1404537	3490584
1427900836	2663	21185	1404542	3490588
1427900846	2652	21193	1404550	3490597
1427900856	2639	21200	1404557	3490604
1427900866	2627	21207	1404564	3490611
1427900876	2592	21215	1404572	3490618
1427900886	2580	21222	1404579	3490626
1427900896	2527	21228	1404585	3490632
1427900906	2477	21235	1404592	3490639
1427900916	2290	21242	1404599	3490646
1427900926	2420	21247	1404604	3490651
1427900936	2472	21254	1404611	3490658
1427900946	2512	21261	1404618	3490665
1427900956	2495	21268	1404625	3490672
1427900966	2516	21276	1404633	3490680
1427900976	2531	21283	1404640	3490687
1427900986	773	21286	1404643	3490690
1427900996	770	21289	1404646	3490693
1427901006	774	21292	1404649	3490696
1427901016	1789	21296	1404653	3490700
1427901026	2406	21302	1404659	3490706
1427901036	661	21304	1404661	3490708
1427901046	680	21306	1404663	3490710
1427901056	712	21308	1404665	3490712
1427901066	1129	21310	1404667	3490714
1427901076	1022	21313	1404670	3490717
1427901086	758	21315	1404672	3490719
1427901096	1945	21319	1404676	3490723
1427901106	2567	21326	1404683	3490730
1427901116	2584	21333	1404690	3490737
1427901126	2666	21340	1404697	3490744
1427901136	2616	21347	1404704	3490751
1427901146	2600	21355	1404712	3490759
1427901156	2644	21361	1404718	3490765
1427901166	2652	21369	1404726	3490773
1427901176	2618	21375	1404732	3490779
1427901186	2132	21383	1404740	3490787
1427901196	1226	21387	1404744	3490791
1427901206	937	21389	1404746	3490793
1427901216	1774	21393	1404750	3490797
1427901226	2496	21400	1404757	3490804
1427901236	2551	21405	1404762	3490809
1427901246	2242	21414	1404771	3490818
1427901256	2122	21419	1404776	3490823
1427901266	2205	21424	1404781	3490828
1427901276	2422	21431	1404788	3490835
1427901286	2318	21438	1404795	3490842
1427901296	1337	21442	1404799	3490846
1427901306	1480	21446	1404803	3490850
1427901316	736	21448	1404805	3490852
1427901326	688	21450	1404807	3490854
1427901336	662	21452	1404809	3490856
1427901346	651	21454	1404811	3490858
1427901356	636	21456	1404813	3490860
1427901366	632	21457	1404814	3490861
1427901376	623	21459	1404816	3490863
1427901386	616	21461	1404818	3490865
1427901396	615	21463	1404820	3490867
1427901406	614	21464	1404821	3490868
1427901416	623	21466	1404823	3490870
1427901426	628	21468	1404825	3490872
1427901436	634	21469	1404826	3490873
1427901446	646	21471	1404828	3490875
1427901456	654	21473	1404830	3490877
1427901466	664	21475	1404832	3490879
1427901476	675	21477	1404834	3490881
1427901486	684	21479	1404836	3490883
1427901496	698	21480	1404837	3490884
1427901506	718	21482	1404839	3490886
1427901516	734	21485	1404842	3490888
1427901526	731	21487	1404844	3490891
1427901536	725	21489	1404846	3490893
1427901546	730	21491	1404848	3490895
1427901556	735	21492	1404849	3490896
1427901566	746	21494	1404851	3490898
1427901576	764	21497	1404854	3490901
1427901586	788	21499	1404856	3490903
1427901596	807	21501	1404858	3490905
1427901606	832	21503	1404860	3490907
1427901616	864	21505	1404862	3490909
1427901626	911	21508	1404865	3490912
1427901636	966	21511	1404868	3490915
1427901646	1268	21513	1404870	3490917
1427901656	969	21517	1404874	3490921
1427901666	965	21519	1404876	3490923
1427901676	966	21521	1404878	3490925
1427901686	985	21525	1404882	3490929
1427901696	993	21527	1404884	3490931
1427901706	999	21529	1404886	3490933
1427901716	1002	21533	1404890	3490936
1427901726	1002	21535	1404892	3490939
1427901736	1004	21537	1404894	3490941
1427901746	1002	21541	1404898	3490944
1427901756	1003	21543	1404900	3490947
1427901766	1010	21547	1404904	3490951
1427901776	1019	21549	1404906	3490953
1427901786	1028	21551	1404908	3490955
1427901796	1035	21555	1404912	3490959
1427901806	1043	21557	1404914	3490961
1427901816	1099	21560	1404917	3490964
1427901826	1163	21563	1404920	3490967
1427901836	1479	21567	1404924	3490971
1427901846	1944	21573	1404930	3490977
1427901856	1215	21577	1404934	3490981
1427901866	1219	21580	1404937	3490984
1427901876	1157	21584	1404941	3490988
1427901886	971	21586	1404943	3490990
1427901896	933	21588	1404945	3490992
1427901906	889	21592	1404949	3490996
1427901916	850	21594	1404951	3490998
1427901926	820	21596	1404953	3491000
1427901936	788	21598	1404955	3491002
1427901946	761	21600	1404957	3491004
1427901956	749	21602	1404959	3491006
1427901966	738	21604	1404961	3491008
1427901976	739	21606	1404963	3491010
1427901986	737	21608	1404965	3491012
1427901996	741	21610	1404967	3491014
1427902006	746	21612	1404969	3491016
1427902016	751	21614	1404971	3491018
